Generation :0

5.68011,4.26959,1.877118,2.176237,2.290716

20.12197,15.12197,7.876305,8.994972,8.121971

6.331012,2.434041,1.639659,3.038337,2.4645

6.555342,2.77935,1.207502,1.484851,3.104814
Generation :1

5.68011,4.26959,1.877118,2.176237,2.290716

20.12197,15.12197,7.876305,8.994972,8.121971

6.331012,2.434041,1.639659,3.038337,2.4645

6.555342,2.77935,1.207502,1.484851,3.104814
Generation :2

5.68011,4.26959,1.877118,2.176237,2.290716

20.12197,15.12197,7.876305,8.994972,8.121971

6.331012,2.434041,1.639659,3.038337,2.4645

6.555342,2.77935,1.207502,1.484851,3.104814
Generation :3

5.68011,4.26959,1.877118,2.176237,2.290716

20.12197,15.12197,7.876305,8.994972,8.121971

6.331012,2.434041,1.639659,3.038337,2.4645

6.555342,2.77935,1.207502,1.484851,3.104814
